room4
12      1, 1, 1, 0
5       0, 2, 0, 0
32      1, 3, 0, 1
21      0, 2, 2, 0
46      1, 2, 2, 1
38      1, 2, 1, 1
16      1, 3, 1, 0
18      1, 0, 2, 0
29      0, 2, 0, 1
3       0, 1, 0, 0
14      1, 2, 1, 0
45      0, 2, 2, 1
42      1, 0, 2, 1
27      0, 1, 0, 1
22      1, 2, 2, 0
37      0, 2, 1, 1

room6
203      0, 1, 1, 0, 1, 1
209      0, 0, 2, 0, 1, 1
341      0, 2, 0, 0, 1, 2
76       1, 1, 0, 1, 1, 0
34       1, 0, 1, 1, 0, 0
397      0, 2, 1, 0, 2, 2
110      1, 2, 1, 0, 2, 0
368      1, 3, 0, 1, 1, 2
363      0, 1, 0, 1, 1, 2
215      0, 3, 2, 0, 1, 1
137      0, 0, 2, 1, 2, 0
362      1, 0, 0, 1, 1, 2
342      1, 2, 0, 0, 1, 2
107      0, 1, 1, 0, 2, 0
169      0, 0, 0, 1, 0, 1
376      1, 3, 1, 1, 1, 2

room8
1914      1, 0, 2, 1, 0, 1, 0, 2
992       1, 3, 0, 1, 2, 0, 0, 1
789       0, 2, 2, 0, 1, 2, 1, 0
1477      0, 2, 1, 1, 0, 1, 1, 1
1647      0, 3, 1, 0, 1, 2, 1, 1
3216      1, 3, 2, 1, 0, 1, 1, 3
3195      0, 1, 0, 1, 0, 1, 1, 3
2991      0, 3, 1, 0, 2, 2, 0, 3
683       0, 1, 1, 0, 2, 1, 1, 0
1610      1, 0, 0, 1, 0, 2, 1, 1
1814      1, 2, 1, 1, 1, 0, 0, 2
1187      0, 1, 1, 1, 0, 2, 0, 1
2014      1, 2, 2, 1, 2, 1, 0, 2
1288      1, 3, 1, 1, 2, 2, 0, 1
2043      0, 1, 0, 1, 0, 2, 0, 2
892       1, 1, 0, 1, 0, 0, 0, 1

room10
10738      1, 0, 1, 1, 1, 2, 0, 0, 1, 1
5886       1, 2, 0, 1, 2, 1, 1, 2, 1, 0
3991       0, 3, 0, 0, 2, 0, 1, 0, 1, 0
9327       0, 3, 1, 0, 2, 1, 1, 2, 0, 1
5308       1, 1, 0, 1, 2, 0, 0, 2, 1, 0
6398       1, 2, 1, 0, 1, 2, 0, 3, 1, 0
8652       1, 1, 1, 0, 0, 0, 0, 2, 0, 1
2694       1, 2, 0, 0, 2, 0, 0, 3, 0, 0
10509      0, 2, 2, 1, 2, 0, 0, 0, 1, 1
4189       0, 2, 1, 0, 0, 2, 1, 0, 1, 0
12714      1, 0, 2, 1, 0, 1, 1, 2, 1, 1
9197       0, 2, 0, 1, 2, 0, 1, 2, 0, 1
3957       0, 2, 2, 0, 1, 0, 1, 0, 1, 0
10051      0, 1, 2, 0, 2, 0, 1, 3, 0, 1
1676       1, 1, 2, 1, 1, 2, 1, 1, 0, 0
7792       1, 3, 1, 0, 0, 0, 0, 1, 0, 1

room12
2796        1, 1, 1, 0, 1, 1, 0, 3, 0, 0, 0, 0
26603       0, 1, 1, 0, 2, 1, 1, 2, 1, 1, 1, 0
46046       1, 2, 1, 0, 2, 1, 0, 1, 1, 0, 0, 1
2841        0, 0, 1, 0, 2, 1, 0, 3, 0, 0, 0, 0
120209      0, 0, 2, 0, 2, 0, 0, 3, 0, 1, 2, 2
109523      0, 1, 1, 1, 1, 1, 1, 2, 1, 1, 1, 2
99321       0, 0, 1, 0, 2, 2, 1, 2, 0, 0, 1, 2
76663       0, 3, 0, 0, 1, 1, 1, 0, 0, 1, 2, 1
97931       0, 1, 1, 0, 0, 2, 0, 1, 0, 0, 1, 2
78836       1, 1, 2, 0, 1, 1, 0, 3, 0, 1, 2, 1
112091      0, 1, 1, 0, 1, 1, 1, 1, 0, 0, 2, 2
30589       0, 2, 1, 0, 1, 2, 0, 3, 0, 0, 2, 0
18561       0, 0, 1, 1, 2, 2, 0, 1, 1, 0, 1, 0 
26005       0, 2, 1, 1, 1, 0, 0, 2, 1, 1, 1, 0
39326       1, 2, 1, 0, 0, 0, 1, 1, 1, 1, 2, 0
39361       0, 0, 0, 0, 1, 0, 1, 1, 1, 1, 2, 0


room14
250165      0, 2, 1, 1, 0, 0, 1, 1, 0, 0, 0, 0, 0, 1
486561      0, 0, 1, 1, 2, 0, 0, 3, 0, 0, 2, 2, 1, 1
490228      1, 1, 0, 0, 1, 2, 0, 3, 1, 0, 2, 2, 1, 1
441659      0, 1, 1, 0, 0, 1, 0, 3, 1, 1, 1, 1, 1, 1
154072      1, 3, 1, 1, 2, 1, 0, 2, 0, 0, 2, 0, 1, 0
135212      1, 1, 2, 1, 2, 2, 0, 0, 1, 1, 0, 0, 1, 0
282610      1, 0, 1, 1, 1, 0, 0, 3, 1, 0, 2, 0, 0, 1
29532       1, 1, 1, 0, 0, 1, 0, 2, 0, 0, 2, 0, 0, 0
90999       0, 3, 1, 1, 2, 1, 0, 1, 0, 1, 0, 2, 0, 0
42087       0, 3, 1, 1, 0, 1, 1, 0, 0, 0, 0, 1, 0, 0
125905      0, 0, 0, 0, 1, 1, 1, 1, 0, 0, 0, 0, 1, 0
82697       0, 0, 2, 1, 0, 1, 1, 3, 1, 1, 2, 1, 0, 0
82909       0, 2, 1, 0, 2, 2, 1, 3, 1, 1, 2, 1, 0, 0
206431      0, 3, 0, 1, 1, 2, 1, 2, 1, 1, 2, 1, 1, 0
76078       1, 2, 2, 1, 0, 0, 0, 0, 0, 1, 2, 1, 0, 0
49141       0, 2, 1, 1, 0, 2, 1, 0, 0, 1, 0, 1, 0, 0